0.501443
0.164455
0.14747
0.130547
0.124642
0.11773
0.112484
0.111288
0.111096
0.108538
0.10931
0.105281
0.105957
0.10322
0.102636
0.102119
0.102739
0.100952
0.103902
0.0968531
0.0953566
0.0950791
0.0930208
0.0920746
0.0928372
0.0920488
0.0923297
0.0914587
0.0915486
0.0891594
0.0883235
0.089483
0.0873336
0.089449
0.0880515
0.0850428
0.0856936
0.0848293
0.0858782
0.083607
0.0831729
0.0855127
0.0843078
0.0847116
0.0843823
0.086023
0.0856535
0.0867453
0.0825603
0.0834182
0.0838517
0.0828317
0.0839841
0.0820577
0.0829493
0.084503
0.0833913
0.0823941
0.0824933
0.0825303
0.0819199
0.0824733
0.0829268
0.0823798
0.0820721
0.084527
0.0823379
0.0826379
0.0826377
0.0811301
0.0807679
0.0810184
0.0807399
0.0819569
0.081562
0.0816498
0.0810082
0.0816665
0.080794
0.0802397
0.080667
0.0805883
0.0801733
0.0810048
0.08084
0.0805511
0.080531
0.0797267
0.0811039
0.0801085
0.0807521
0.0805924
0.080283
0.0805032
0.0809321
0.0805857
0.0798051
0.0812182
0.0789205
0.0801293
