0.499772
0.184616
0.162118
0.148333
0.14615
0.135997
0.133399
0.131023
0.128597
0.128182
0.123322
0.121505
0.118688
0.118952
0.115267
0.114268
0.115013
0.1128
0.114387
0.112587
0.111452
0.111831
0.110084
0.112334
0.109394
0.10895
0.110197
0.110281
0.108424
0.108342
0.110898
0.108871
0.113104
0.110218
0.109849
0.109067
0.111159
0.110324
0.110637
0.110355
0.109588
0.108748
0.10866
0.108415
0.10929
0.108761
0.110454
0.107834
0.109207
0.108359
0.10851
0.108111
0.110061
0.108002
0.107753
0.108018
0.108189
0.107498
0.10959
0.109253
0.107146
0.107978
0.10835
0.107291
0.108776
0.107465
0.107653
0.10781
0.109232
0.107106
0.106887
0.109378
0.107613
0.109262
0.106573
0.108738
0.108506
0.106268
0.10778
0.107188
0.106843
0.10657
0.10841
0.107294
0.108375
0.106771
0.108074
0.107533
0.107454
0.106893
0.108269
0.10707
0.106184
0.107287
0.108444
0.108308
0.109372
0.105855
0.105987
0.107035
