0.507529
0.12625
0.114793
0.11118
0.104509
0.101693
0.100365
0.100496
0.0993195
0.0988685
0.0986538
0.0980152
0.0980323
0.0984443
0.0960021
0.0965843
0.0957618
0.0954266
0.0957679
0.0956373
0.0952016
0.0962524
0.0952959
0.0952987
0.0946648
0.095221
0.0950825
0.0954749
0.0949143
0.0950228
0.0945712
0.0950326
0.0949936
0.0945208
0.0951406
0.0948618
0.0940202
0.0936904
0.0929715
0.0930487
0.0923204
0.092782
0.0931667
0.0935734
0.0924793
0.093176
0.0929512
0.0921617
0.0929741
0.0927928
0.0925375
0.0920484
0.0923918
0.09241
0.0928307
0.0926653
0.0921648
0.0920404
0.0919299
0.0917755
0.0928505
0.09216
0.0919272
0.0920523
0.0922045
0.0922165
0.0923421
0.0920753
0.092244
0.0922395
0.091961
0.0917158
0.0916724
0.0920322
0.0927643
0.0918538
0.0916082
0.0923825
0.0917478
0.0922006
0.0925289
0.0923377
0.091931
0.0920578
0.0921843
0.0917435
0.0923225
0.0919136
0.0917264
0.0917453
0.0920047
0.0920288
0.0929941
0.0923425
0.0916827
0.0915973
0.0923146
0.0919671
0.0921271
0.0921082
