0.502214
0.164188
0.144729
0.141573
0.14224
0.139687
0.135518
0.13445
0.134087
0.133431
0.132722
0.129514
0.12468
0.123693
0.122994
0.122638
0.122741
0.1223
0.123363
0.12256
0.123341
0.123081
0.122409
0.122917
0.122679
0.122182
0.122947
0.121846
0.124057
0.122201
0.122159
0.122876
0.121983
0.122142
0.122745
0.122407
0.121866
0.123341
0.122826
0.122866
0.122472
0.122939
0.123672
0.121932
0.122974
0.122268
0.122747
0.122756
0.122149
0.121983
0.122447
0.121941
0.122444
0.122645
0.122743
0.122938
0.122515
0.121827
0.122286
0.122562
0.121772
0.123201
0.122503
0.122124
0.122399
0.122027
0.121933
0.122319
0.122613
0.121936
0.122087
0.123107
0.122567
0.122826
0.122983
0.122123
0.122038
0.122304
0.122888
0.123319
0.122591
0.12204
0.1221
0.122438
0.122248
0.122112
0.122846
0.122439
0.122133
0.12222
0.122599
0.122891
0.122646
0.122774
0.122181
0.122575
0.122901
0.122404
0.12303
0.121846
