TESTING
0.00639429
0.99967
4.69246e-09
0.99989
0.237146
0.896533
0.0182683
0.000136255
0.239825
0.0268541
0.752038
0.503697
0.134243
0.300291
0.696228
0.0462391
-0.125917
-0.0156019
0.14702
-0.147248
0.00546571
-0.00361681
-5.77304e-09
-0.000752644
-0.388254
-0.810042
0.00770237
0.000376628
-0.174084
-0.0195542
0.888434
0.999805
0.000998279
0.335879
0.999971
1.91152e-06
0.981885
0.957308
0.99661
0.000921235
0.761685
0.628391
0.121209
0.522148
0.371571
0.0432593
-0.146739
0.0936067
0.119229
0.146742
-0.269463
-0.000813699
0.000161743
-0.422444
-0.000134086
-3.84187e-07
-0.127051
-0.184303
-0.0231823
-0.00197646
0.803282
0.0872617
0.000300415
0.000682555
0.999998
6.04645e-06
0.997385
0.000882865
0.999968
0.999604
0.706511
0.174904
0.224798
0.542998
0.619344
0.0608557
0.119072
-0.0391741
-0.134746
-0.146015
-1.16598
0.0214036
-0.00022804
0.00359681
-1.20907e-05
-6.19569e-06
-0.0187803
-0.000765785
-0.000196507
-0.00272073
0.673195
4.66946e-05
0.000820099
0.999421
0.999991
3.61948e-10
0.999997
0.266883
0.999941
0.0376136
0.816505
0.413268
0.143804
0.464842
0.231881
0.0274921
-0.100208
-0.0177059
-0.115636
0.136811
-1.20965
2.01497e-05
0.000123525
-0.00289471
-6.70234e-05
3.72699e-10
-2.00647e-05
-0.482364
-0.000530571
-0.0816735
0.5691
0.941809
0.000936944
0.198856
1
0.998221
0.992058
0.0429408
0.077887
0.770745
0.737351
0.286498
0.097989
0.350128
0.846196
0.0508656
-0.0585651
-0.00866096
0.147871
-0.110131
-1.42668
-0.335215
7.19391e-05
0.0202517
-0
-0.011504
-0.0326631
-0.0155426
-0.286067
-0.451125
0.970575
0.921287
1.11884e-08
0.98645
0.999974
8.50881e-05
0.862985
2.42603e-07
0.251861
0.144227
0.832395
0.717136
0.121125
0.307846
0.433129
0.023383
0.0573796
0.0935595
-0.0655949
-0.106345
-0.135552
-0.334175
9.22028e-09
-0.0694381
-0.000149217
0.000115527
-0.645949
-4.58038e-07
-0.0228051
-0.452907
0.999699
1
0.997465
0.957867
0.0105859
0.00029518
0.562756
0.00111011
0.869218
0.00645656
0.972404
0.697584
0.099494
0.395831
0.655007
0.00074052
-0.147163
-0.00891416
-0.0946626
0.0779591
-0.00195575
-6.44693e-07
-0.00924845
-0.208753
-0.0110191
-3.69445e-05
-0.824644
-0.000981616
-0.528819
0.00174188
0.0297974
0.998757
1.48142e-06
0.999391
0.000155538
6.8539e-05
0.999643
0.00433963
0.99883
0.99923
0.861532
0.253475
0.161902
0.279217
0.865286
0.0165185
-0.0479638
-0.0219685
-0.0561937
-0.100863
-0.014882
-0.00764493
-1.61402e-06
-0.0025616
0.000138136
-1.83213e-07
-0.00347575
-0.00755931
-0.00880605
-0.00447467
0.000253311
0.00202673
0.88823
0.989612
0.958023
0.00166772
0.999975
0.994703
0.80836
0.0438374
0.765339
0.393228
0.119897
0.76015
0.206676
0.0421441
-0.093824
-0.0126518
-0.138592
-0.0338867
0.000161335
0.00324546
-0.41167
-0.0446168
-0.174895
0.0044348
-0.000123592
-0.0479685
-0.795909
-0.0893564
0.0132185
9.33756e-05
0.327424
0.999996
0.999994
0.416518
0.0969067
0.0258959
0.989232
0.914795
0.578242
0.139723
0.161956
0.660728
0.441807
0.102858
-0.0167947
-0.0219816
-0.148113
-0.108956
-0.00799188
6.69552e-05
-0.147306
-1.90375e-05
-4.69079e-05
-0.959265
-0.23781
-0.0891224
-0.0810932
-0.540614
